0,304
0,303
0,12
0,11
0,520
0,10
0,8
34,29
34,28
34,27
34,26
34,25
34,24
34,23
34,22
34,21
34,20
34,19
34,18
34,17
34,16
34,15
34,14
34,13
34,12
34,10
34,7
34,6
34,5
34,3
34,2
34,1
34,0
33,3
33,2
33,1
33,0
32,3
32,2
32,1
32,0
31,3
31,2
31,1
31,0
30,24
30,23
30,22
30,21
30,20
30,19
30,18
30,17
30,16
30,15
30,14
30,13
30,12
30,11
30,10
30,9
30,8
30,7
30,6
30,5
30,3
30,2
30,1
30,0
29,15
29,14
29,13
29,12
29,11
29,10
29,9
29,8
29,7
29,6
29,5
29,4
29,3
29,2
29,1
29,0
4,3
4,2
4,1
4,0
3,6
3,5
3,4
3,3
3,2
3,1
3,0
2,3
2,2
2,1
2,0
1,3
1,2
1,1
1,0
0,521
0,300
0,299
0,298
0,297
0,296
0,295
0,294
0,293
0,292
0,291
0,290
0,289
0,288
0,287
0,286
0,285
0,284
0,283
0,282
0,281
0,280
0,279
0,278
0,277
0,276
0,275
0,274
0,273
0,272
0,271
0,270
0,269
0,268
0,267
0,266
0,265
0,264
0,263
0,262
0,261
0,260
0,259
0,258
0,257
0,256
0,255
0,254
0,253
0,252
0,251
0,250
0,249
0,248
0,247
0,246
0,245
0,244
0,242
0,241
0,240
0,239
0,238
0,237
0,236
0,235
0,234
0,233
0,232
0,231
0,230
0,229
0,228
0,227
0,226
0,225
0,224
0,223
0,222
0,221
0,220
0,219
0,218
0,217
0,216
0,215
0,214
0,213
0,212
0,211
0,210
0,209
0,208
0,207
0,206
0,205
0,204
0,203
0,202
0,201
0,200
0,199
0,198
0,197
0,196
0,195
0,194
0,193
0,192
0,63
0,62
0,61
0,60
0,59
0,58
0,57
0,56
0,55
0,54
0,53
0,52
0,51
0,50
0,49
0,48
0,47
0,46
0,45
0,9
0,1
34,30
34,31
34,33
34,34
34,36
34,37
34,39
34,65
34,66
34,68
34,69
34,71
34,73
34,74
34,76
34,77
34,79
34,80
34,82
34,84
34,85
34,87
34,88
34,90
34,92
34,93
34,95
34,96
34,98
34,99
34,101
34,103
34,104
34,106
34,107
34,109
34,111
34,112
34,114
34,115
34,117
34,118
34,120
34,122
34,123
34,125
34,126
34,128
34,130
34,131
34,133
34,134
34,136
34,138
34,139
34,141
34,142
34,144
34,145
34,147
34,149
34,150
34,152
34,153
34,155
34,157
34,158
34,160
34,161
34,163
34,164
34,166
34,168
34,169
34,171
34,172
34,174
34,176
34,177
34,179
34,180
34,182
34,183
34,185
34,187
34,188
34,190
34,191
34,193
34,195
34,196
34,198
34,199
34,201
34,203
34,204
34,206
34,207
34,209
34,210
34,212
34,214
34,215
34,217
34,218
34,220
34,222
34,223
34,225
34,226
34,228
34,229
34,231
34,233
34,234
34,236
34,237
34,239
34,241
34,242
34,244
34,245
34,247
34,248
34,250
34,252
34,253
34,255
34,256
34,258
34,260
34,261
34,263
34,264
34,266
34,267
34,269
34,271
34,272
34,274
34,275
34,277
34,279
34,280
34,282
34,283
34,285
34,287
34,288
34,290
34,291
34,293
34,294
34,296
34,298
34,299
34,301
34,302
34,304
34,306
34,307
34,309
34,310
34,312
34,313
34,315
34,317
34,318
34,320
34,321
34,323
34,325
34,326
34,328
34,329
34,331
34,332
34,334
34,336
34,337
34,339
34,340
34,342
34,344
34,345
34,347
34,348
34,350
34,352
34,353
34,355
34,356
34,358
34,359
34,361
34,363
34,364
34,366
34,367
34,369
34,371
34,372
34,374
34,375
34,377
34,383
35,0
35,2
35,3
35,5
35,6
35,8
35,10
35,11
35,13
35,14
35,16
35,17
35,19
35,21
35,22
35,24
35,25
35,27
35,29
35,30
35,32
35,33
35,35
35,64
35,66
35,68
35,69
35,71
35,72
35,74
35,76
35,77
35,79
35,80
35,82
35,84
35,85
35,87
35,88
35,90
35,91
35,93
35,95
35,96
35,98
35,99
35,101
35,103
35,104
35,106
35,107
35,109
35,110
35,112
35,114
35,115
36,0
36,1
36,3
37,1
37,2
38,0
38,1
38,3
38,4
38,2
37,3
37,0
36,2
35,116
35,113
35,111
35,108
35,105
35,102
35,100
35,97
35,94
35,92
35,89
35,86
35,83
35,81
35,78
35,75
35,73
35,70
35,67
35,65
35,34
35,31
35,28
35,26
35,23
35,20
35,18
35,15
35,12
35,9
35,7
35,4
35,1
34,384
34,376
34,373
34,370
34,368
34,365
34,362
34,360
34,357
34,354
34,351
34,349
34,346
34,343
34,341
34,338
34,335
34,333
34,330
34,327
34,324
34,322
34,319
34,316
34,314
34,311
34,308
34,305
34,303
34,300
34,297
34,295
34,292
34,289
34,286
34,284
34,281
34,278
34,276
34,273
34,270
34,268
34,265
34,262
34,259
34,257
34,254
34,251
34,249
34,246
34,243
34,240
34,238
34,235
34,232
34,230
34,227
34,224
34,221
34,219
34,216
34,213
34,211
34,208
34,205
34,202
34,200
34,197
34,194
34,192
34,189
34,186
34,184
34,181
34,178
34,175
34,173
34,170
34,167
34,165
34,162
34,159
34,156
34,154
34,151
34,148
34,146
34,143
34,140
34,137
34,135
34,132
34,129
34,127
34,124
34,121
34,119
34,116
34,113
34,110
34,108
34,105
34,102
34,100
34,97
34,94
34,91
34,89
34,86
34,83
34,81
34,78
34,75
34,72
34,70
34,67
34,64
34,38
34,35
34,32
39,45
41,44
40,44
39,44
41,43
40,43
39,43
41,42
40,42
39,42
41,41
40,41
39,41
41,40
40,40
39,40
41,39
40,39
39,39
41,38
40,38
39,38
41,37
40,37
39,37
41,36
40,36
39,36
41,35
40,35
39,35
41,34
40,34
39,34
41,33
40,33
39,33
41,32
40,32
39,32
41,31
40,31
39,31
41,30
40,30
39,30
41,29
40,29
39,29
41,28
40,28
39,28
41,27
40,27
39,27
41,26
40,26
39,26
41,25
40,25
39,25
41,24
40,24
39,24
41,23
40,23
39,23
41,22
40,22
39,22
41,21
40,21
39,21
41,20
40,20
39,20
41,19
40,19
39,19
41,18
40,18
39,18
41,17
40,17
39,17
41,16
40,16
39,16
41,15
40,15
39,15
41,14
40,14
39,14
41,13
40,13
39,13
41,12
40,12
39,12
41,11
40,11
39,11
41,10
40,10
39,10
41,9
40,9
39,9
41,8
40,8
39,8
41,7
40,7
39,7
41,6
40,6
39,6
41,5
40,5
39,5
41,4
40,4
39,4
41,3
41,2
40,3
40,2
39,3
39,2
41,1
41,0
40,1
40,0
39,1
39,0
0,243
0,2
0,0
0,6
0,5
0,306
0,305
0,302
0,7
0,4
0,3
